/127.0.0.1:61990
x = 36.0
y = 1.0
z = 1.0
result = -8.508293E10

/127.0.0.1:52563
x = 3.0
y = 6.0
z = 1.0
result = -455.88663

